969
307
375
361
959
112
733
228
388
658
841
514
869
222
722
713
808
587
672
492
535
67
815
110
859
908
706
443
272
534
56
300
892
719
532
212
744
60
687
572
630
566
150
930
679
442
783
357
356
345
218
248
779
424
952
305
333
406
976
620
854
293
624
358
636
878
341
176
211
120
608
57
948
322
100
607
782
874
161
217
700
36
715
746
216
125
362
353
720
891
957
332
842
651
460
805
876
412
104
199
480
213
194
287
776
547
73
231
521
132
809
994
324
427
710
309
251
829
864
699
124
612
41
459
902
44
391
488
889
237
616
895
95
471
964
736
487
196
354
601
750
742
27
227
166
718
431
800
569
823
55
963
449
118
250
256
464
799
984
593
784
155
425
66
410
116
51
197
527
887
676
697
537
220
985
712
376
175
510
862
872
845
347
369
638
599
974
810
17
665
35
899
479
478
352
433
416
688
973
422
137
277
856
577
592
898
411
315
871
801
280
94
995
541
393
885
882
351
729
494
575
458
275
570
604
13
444
896
836
761
268
240
960
323
916
574
183
426
229
134
980
674
83
481
207
647
582
790
131
745
377
543
910
205
82
160
360
310
597
602
201
721
812
96
619
210
613
435
456
998
938
837
786
85
519
108
461
190
531
564
336
707
247
866
140
795
787
813
518
739
950
253
568
965
794
792
741
737
590
221
633
117
941
111
927
727
777
191
966
857
105
490
656
848
634
19
598
33
929
629
304
154
434
1000
817
758
109
640
181
550
208
2
81
266
539
180
507
344
445
255
4
294
563
748
573
920
853
440
99
766
262
557
505
40
214
163
446
594
78
281
979
258
675
625
982
72
936
12
192
623
58
731
348
185
660
554
977
127
897
98
321
158
802
448
793
269
76
990
796
429
643
374
8
711
529
346
760
513
755
584
500
914
15
822
329
254
988
804
949
695
879
437
209
686
30
762
126
615
452
730
971
807
819
26
46
236
989
667
951
282
942
704
7
839
955
962
881
663
883
404
581
747
188
130
355
469
466
498
123
919
884
506
774
385
934
939
759
997
263
579
242
145
921
771
662
24
394
825
605
260
159
689
320
298
432
993
855
89
958
614
560
367
923
703
501
586
551
693
241
639
596
114
485
904
789
113
34
943
186
278
757
830
233
728
276
156
6
671
447
86
143
438
267
991
379
436
975
63
987
283
816
694
552
226
489
173
92
906
195
340
71
970
778
893
77
622
414
413
583
371
781
860
691
168
417
580
520
517
768
681
545
343
834
252
121
516
128
136
589
29
978
780
595
644
101
503
509
61
350
430
635
42
470
626
397
851
935
571
441
386
327
555
303
763
618
558
405
585
1
285
692
670
673
523
820
215
366
905
999
578
937
648
833
609
849
106
542
530
932
714
967
512
53
457
940
903
21
317
705
259
666
661
398
47
709
342
45
678
232
172
421
684
553
419
203
225
650
549
798
230
142
880
504
536
238
184
178
659
775
400
403
467
769
525
591
546
384
655
261
890
701
363
642
603
770
900
349
135
206
451
645
91
911
996
824
286
749
462
314
835
772
62
559
926
877
886
103
540
102
544
928
389
334
627
468
25
561
983
524
773
909
511
972
894
149
953
600
200
922
20
924
455
610
270
657
986
249
832
330
372
165
326
683
274
724
289
43
382
752
476
299
725
378
223
931
22
472
828
682
234
50
169
751
408
641
423
497
295
364
383
39
392
528
992
146
637
38
685
246
567
526
811
84
290
244
945
954
302
621
264
652
482
743
850
717
157
463
415
107
257
87
450
245
420
167
493
88
273
37
401
368
193
365
179
3
74
868
669
162
380
788
148
296
68
79
49
219
726
917
806
863
803
738
818
723
901
548
311
399
821
133
395
646
814
474
499
174
483
473
915
654
331
318
588
632
402
732
454
288
335
565
297
313
373
396
28
791
119
838
387
664
14
533
224
32
23
947
279
9
865
734
204
913
381
90
716
339
764
875
522
202
484
65
611
861
284
653
556
765
677
961
981
48
740
844
11
797
767
301
428
5
115
239
439
292
147
308
708
407
631
495
649
151
187
337
870
291
847
606
54
735
840
271
182
93
122
867
946
502
138
235
144
80
198
827
243
696
846
538
925
918
858
306
753
491
496
873
843
316
325
680
129
465
888
141
617
668
70
319
16
69
754
562
338
177
390
409
153
826
756
912
359
852
370
944
139
418
328
59
628
933
52
75
576
475
515
486
831
698
64
18
10
968
97
31
171
164
189
170
152
690
907
312
453
508
265
785
956
702
477