7961
3698
3527
8238
4050
5433
7392
4048
7990
6635
7416
5515
434
4075
6927
6333
6719
6986
9613
1932
2989
3910
825
8206
2078
8698
5870
5633
6079
7730
8843
6479
2523
7365
7015
1039
6251
1031
1730
3933
8877
6638
6865
7584
262
1481
9506
2346
600
4160
691
4459
4170
5039
3676
8807
2004
4952
6992
9447
975
9536
8220
9020
6957
6458
8386
5665
8214
5158
6037
4051
3772
298
4338
249
2827
8251
5810
6970
8276
4171
4734
3009
1750
8635
6125
9897
7864
8795
9982
7866
6432
5273
6216
6773
9766
1652
6467
3990
8372
2019
7393
7800
4635
6903
2812
90
3853
571
6944
5100
8221
8158
9405
4504
2502
3577
5862
6118
569
8314
4919
370
8399
9299
9762
5505
299
6141
4496
4913
3611
7535
6633
5581
6137
7642
1114
3884
2646
5379
8217
7803
9551
3432
7772
4087
684
7192
7468
5366
457
8722
9952
2893
2698
5332
4269
3115
4498
1619
4266
9050
5242
5455
8699
3633
4979
8565
3635
4273
359
8341
7448
5068
4715
8758
9502
4798
1834
1869
3272
4372
4392
669
5102
3998
1916
8645
7971
7492
7313
2159
3254
4484
776
3484
6792
7056
9175
2107
4280
1708
2875
1938
9190
5656
4267
6041
4945
5941
3504
779
5711
9275
3185
734
1815
2118
6292
5832
2613
1420
9239
64
5933
8218
8712
290
8430
4754
2933
6252
9598
1466
6920
1274
9454
6907
902
7827
5759
6826
505
8720
491
2086
8916
4380
7112
1495
564
5880
1129
3186
809
4687
1241
1846
3124
5194
6573
3469
1135
5010
2708
5975
8919
8009
1130
4599
2348
7282
8529
8532
4848
4600
3288
3219
5779
2430
7281
1110
3716
4584
2946
9633
6598
6463
1058
1755
7764
8825
7052
1496
1282
9681
6158
5450
6465
9278
6416
7054
550
4223
1410
4685
4532
1291
8307
7626
1074
7256
3681
6884
738
4463
8723
1158
7876
7478
6347
4209
2383
2700
1621
878
8363
6923
9073
2685
1970
1522
9797
9581
8550
7954
1994
763
2349
3826
5784
8708
4271
5126
2242
2169
7288
46
6749
8888
4486
4438
8046
7669
63
5546
1682
1266
4933
7711
6692
4241
8752
7657
6809
6695
6289
4565
1195
455
7656
4322
2272
6561
9043
3939
3901
5247
7681
6090
2855
5272
8868
37
6530
2996
4690
9841
8819
1866
7227
4298
3459
5111
3612
4180
3732
8596
6864
223
6169
8116
7140
1474
1562
3289
8358
5789
9024
4796
2276
7174
9954
5618
6624
2917
9662
7702
1979
2268
3057
4564
4852
16
5663
2645
3710
8546
7030
1460
1285
9669
5170
3621
7807
4838
1339
9715
8815
6148
8979
9017
9281
9515
9425
1113
859
9595
2767
5064
3276
5504
9626
1672
4953
1812
7249
1919
3356
8421
6111
1289
7459
4226
3793
9169
7921
8429
3569
4792
2282
1623
3522
6849
3537
1561
1985
8320
4569
1131
6657
6604
5134
441
1090
9854
259
2651
9352
9916
8558
6352
3166
9301
1367
9318
4659
7199
6835
502
8283
1363
7010
3350
7851
4154
5020
5322
9618
8513
2085
3489
4510
3618
4775
8075
2027
7560
1297
6066
9855
6874
2637
2190
7650
8058
6291
2979
4079
5959
4538
7518
6012
8119
6778
6876
1763
3201
5994
1944
8230
5352
3919
6350
9876
5188
6954
3332
534
8688
7881
2478
7753
1166
6649
9834
7860
9304
9555
1679
2398
1884
9001
5813
1789
9497
295
2188
202
182
7449
7225
8867
60
264
6078
9659
4677
9221
6056
3498
408
538
6367
5597
2633
4552
326
6107
5165
3869
5811
2594
5626
1960
9713
1961
2507
1164
5863
5864
2152
1855
4029
8488
8330
2315
9451
1533
5301
8161
5094
8822
981
542
7588
4259
5399
3471
4720
7008
6114
1537
612
7185
2201
2157
9016
310
4586
2606
4973
6197
1353
7601
7382
43
4631
7955
1352
6843
8975
7706
2280
4632
6922
8506
7066
3162
8742
7126
4457
4377
7158
4627
1806
5967
7722
7757
1203
6540
4054
1255
469
9334
7729
5667
9787
6741
3375
7542
6517
7573
2093
5184
8473
4416
8440
5795
6928
8228
3204
2781
3639
2306
3108
6867
6602
7743
9547
963
6175
9268
2671
6793
9485
3389
9769
472
1770
8533
921
3359
6085
4357
2966
3277
9706
4941
7585
856
18
8865
83
8268
5258
6496
7590
582
4582
4494
4208
5971
9310
7625
6229
7061
1699
4090
2455
2001
2675
2442
2336
6345
5908
1840
8707
1018
7717
6055
7495
3010
7442
189
7687
366
2927
5721
1550
7976
6615
7965
7494
8721
4646
8438
7829
5703
7011
8667
7612
3928
141
9603
3425
8038
1389
7540
7635
3843
2125
88
2274
8796
1716
2174
3974
9348
5141
9533
3690
4294
8191
4624
4141
15
2228
2640
6531
2485
1328
791
5355
8966
1747
9191
9725
6231
2859
913
2912
9343
749
2987
4198
5743
7966
193
3751
5238
6086
5681
7425
3842
1793
9688
588
9705
7594
5307
6929
7447
3866
1908
4462
7280
5114
6895
8921
3508
3743
8239
4683
8814
9784
8660
1173
9857
9111
5517
8108
1767
2861
4358
5353
3819
6671
3129
4561
3817
8299
8120
7551
2073
3344
1165
9226
5739
9614
1401
4346
5346
2676
2038
422
6016
6585
9823
2339
8653
1358
4777
5755
3355
8879
4722
6870
6913
4227
6674
1055
5256
1290
808
7848
6855
3774
3318
2662
6224
6462
5843
379
462
2382
8390
3674
8382
8927
6260
4513
4898
6786
6669
9541
225
6926
4688
9939
3825
889
9005
7141
8350
9391
4109
7232
8470
9011
9655
9820
250
3918
3700
7512
7352
6893
5499
9936
1600
5078
2076
2443
9088
8577
2427
7334
7137
5316
4017
7427
5564
8335
4356
5143
2388
3060
2350
2296
5769
9636
666
3066
519
2088
5002
1880
4507
1736
5575
3701
437
5417
7950
5333
2978
8744
3755
9568
8309
6161
5042
6313
4098
604
2307
1204
9303
6312
155
413
6606
2761
2299
4750
5516
2057
2482
5788
3934
9664
1705
4256
4162
7316
2318
5474
3610
1500
8760
2944
9143
3659
2535
8427
8857
5511
2641
3940
9193
9166
9912
3154
1191
3703
7501
118
5381
4309
5904
3867
2164
74
6579
9591
5063
6471
7469
2070
6589
4537
3942
5138
6696
2374
6272
3364
5160
8326
2725
2386
6859
8636
2674
2181
9059
8186
8394
3123
3372
1988
3936
5006
3250
5616
957
8419
9859
7936
2217
8083
5708
1022
404
5764
2435
9524
5983
7508
1154
5118
1925
6917
8774
2066
7032
2518
7758
4530
2305
6154
3972
1252
9869
1095
7602
5809
2754
6514
8388
7844
5662
3451
7983
5066
7563
3977
6431
4493
2316
3099
3094
3405
9901
6454
9229
7389
521
7100
5264
4064
4274
7242
6897
3337
3851
2498
8505
5938
7065
2149
6789
5451
398
2938
6172
4286
8900
2471
1518
7356
7025
6093
4299
7987
3411
3966
4363
6428
7710
3353
2629
6170
5447
1912
7418
7645
9158
6558
9122
9368
5211
7368
7155
7261
5543
9975
9135
6871
4762
7118
3663
5198
1832
516
9890
2337
5420
8229
8931
5657
562
6014
2763
7619
7935
3696
1796
9893
4929
3448
9500
5885
5727
4622
1895
241
9027
2866
4695
6625
1993
6500
1962
5349
4077
4448
5565
9678
578
9641
1338
3757
5554
293
4078
4413
5947
2051
8798
2142
5882
1373
2411
7272
9374
6450
5884
5699
7579
8932
9238
2055
2868
4325
2888
3220
2831
1636
700
4063
2857
6652
4503
7360
8901
6752
5860
4596
407
1142
1772
8511
9990
5664
4604
353
5782
6570
6490
5150
312
830
3562
6507
6381
2538
8179
5159
6725
2071
7562
5058
9045
1633
6572
6403
547
5639
7074
1368
696
713
3823
1487
722
6817
4283
820
5225
7972
5001
4656
8682
5005
1547
7210
7243
8146
8963
9521
9638
9023
3930
1330
345
120
7089
1317
3988
2908
2845
4468
1106
456
8082
3443
9363
2243
7445
79
2731
3283
4920
6977
358
1038
551
8237
9119
3606
6383
8755
1153
875
1283
7963
9171
6207
6395
9013
4491
2995
6748
7322
9900
5275
4092
6476
2877
9672
4523
9745
101
953
9468
5883
2635
978
2532
6386
315
4697
8432
5291
3909
4823
3512
4861
1151
9702
4426
3223
9255
2279
2850
897
3076
3756
329
93
6208
2052
5850
391
5570
7733
9460
8068
2438
9114
9544
1637
4702
5260
4352
3827
9202
5929
4757
1454
6805
184
9346
4669
1075
833
2757
7202
9396
8210
1923
1083
2712
8055
7037
6607
367
2170
1671
2468
5688
7083
1870
2322
6211
6668
5835
8412
9710
6423
2879
4460
7101
3602
4641
2618
7480
1588
8103
9063
835
5610
5487
9071
1743
8830
9309
615
4336
1689
8139
6949
3092
5874
683
1392
1402
3380
7325
2486
401
5174
708
9959
1014
513
8056
3742
4642
220
6053
4289
1349
355
4344
6447
5583
6061
2980
6317
8034
6226
6839
4819
6544
4408
8780
5780
4800
2872
6987
9928
9358
9413
2187
4772
4453
5
6436
2930
8995
4679
3683
318
1034
4978
2889
4982
1658
5936
7939
701
5670
2799
3209
778
2536
6036
881
2212
541
7795
9501
3591
601
6915
2910
1661
4231
9651
6136
518
2628
1356
5364
2968
3409
8920
4753
1045
233
8797
4901
6074
218
9615
5649
4449
5183
2768
6433
2865
7073
7628
2147
2988
4662
8950
815
6151
2025
3657
4119
9644
4305
9058
8515
6993
980
8662
7406
139
440
4272
2547
7570
6153
9561
3231
2897
4341
6664
5246
6518
9624
6239
8711
423
2833
7624
707
6576
3652
3074
7405
3217
9182
8826
2958
3088
140
8144
5181
6761
294
6504
6798
4074
3845
1674
6822
545
8496
6545
6150
200
8583
1520
5851
9643
2574
8345
6772
5089
6271
8133
6077
5567
8165
2736
6528
9272
2166
4664
3101
8347
6785
3921
2642
5440
568
4185
7273
4806
6594
5534
1139
7476
4013
5925
9653
5871
2313
9232
5321
732
5890
9826
910
2962
1585
9091
9176
6097
2779
3962
6401
2661
5905
2970
9813
8376
9819
8642
8842
1272
5136
302
1929
6440
7086
4342
6960
7168
6505
2189
2798
4237
6067
4924
8518
1009
844
594
1584
3199
956
350
2634
7271
2357
3037
9087
3398
905
4791
7641
7595
5766
8301
4152
9089
2231
8870
266
3020
3948
492
5827
2964
5591
1043
2216
9537
2658
9438
6064
7286
2580
2608
4395
887
3381
6101
5024
8197
354
4520
768
2991
7872
6899
6398
349
8905
3084
6787
6402
6715
1017
5950
7994
7467
6355
3472
7904
1305
2901
5409
4563
5484
2583
1564
6201
4003
9938
2063
3440
2488
6199
2801
6502
1894
6833
6525
9251
8265
747
6912
4072
69
1082
9280
5442
946
8464
4347
1109
4249
4157
421
1660
7391
409
4613
4158
4490
4127
8737
1924
5374
716
2141
1897
361
9355
5500
817
2616
8928
4671
8069
9129
9373
5917
7627
6832
1061
4270
3604
5807
5123
3803
5480
2094
9019
7420
1876
4153
4568
1998
2941
7213
1279
6256
3075
6978
6166
880
9416
4533
9429
6702
4094
9811
2375
7194
3035
3267
8952
874
723
7583
8491
411
6253
9932
3473
3052
5939
8147
5387
6414
969
3317
9417
811
6584
6045
2198
356
7240
8344
1714
4243
1053
7364
8548
7948
6068
629
3548
2015
5120
2599
804
5486
1391
4472
365
8079
6230
8315
1968
8531
1771
3958
3654
3794
9902
9696
3623
3656
9609
5454
2626
2390
7984
3218
2636
3938
7630
5718
7677
4071
7838
9213
2926
4376
3429
245
6129
1554
7063
9870
1217
613
3216
6758
1638
1967
4039
9711
7940
5196
8559
1756
4865
4384
3436
3542
2999
7906
2874
9194
7187
5082
5786
5351
6556
748
8040
1172
1865
2269
9390
947
2325
4643
4783
7291
1042
3341
7919
6290
8990
4841
4866
8582
2333
1659
4764
4636
3378
2205
3709
2513
5696
3406
9909
2241
7931
9519
1319
1746
2828
7128
4005
2617
9757
6373
7124
5266
2684
7438
3688
5099
6159
5133
369
6971
2544
5847
7974
2354
4214
4023
1278
6636
6080
5035
2900
9647
6788
9139
9892
453
9439
3760
9732
6616
854
1482
6551
784
5482
146
7235
6980
599
8370
7773
208
9222
2278
195
3534
2009
4204
1086
2534
9944
4424
1631
5719
1625
9048
4955
4560
3573
6919
9332
1615
8967
9868
1569
7301
6296
9248
6469
4548
5388
5889
3418
222
7749
4505
495
8378
8923
6936
7693
1841
751
6658
1698
7672
7690
382
4186
8528
8176
2366
1573
539
524
8037
3630
9414
6087
9
4073
3727
514
6221
9584
8060
9612
2199
2402
8539
1470
9328
3149
1190
6020
2184
6309
2809
2515
1514
2600
7208
7875
5737
6566
4709
1644
4042
3421
8894
2300
2573
7793
8628
3899
5712
8727
6108
3954
9590
9976
661
1774
2101
1667
9185
1334
3558
8959
2773
6651
6255
6608
8198
2428
3258
5790
4625
7898
328
168
4398
5146
5368
9986
596
5831
1957
276
3402
9096
8184
2670
6028
148
9800
6582
7613
2394
908
4807
4682
3607
9998
8847
9378
7587
2439
4836
4319
8579
7748
5270
9264
4997
4287
7344
5306
2106
1298
9109
6599
5522
5988
6370
9104
5304
2395
5050
4321
9047
602
2890
5794
162
7528
7605
5538
6493
1221
5147
9120
331
8882
7526
6185
756
4445
6547
5428
1821
1936
7682
3495
3786
2565
4959
4480
6142
8849
6973
5108
4404
9593
8998
6526
6728
9216
8782
6753
3416
2087
4369
1069
5245
7968
6522
6266
6232
9587
2623
4151
3887
753
5878
8130
3103
7769
5191
7132
7211
8887
1035
425
1371
9015
496
8480
6029
8617
8272
7788
5470
6446
1896
2342
952
2622
9983
724
3767
9136
1887
2985
6672
2656
5955
40
1860
4268
5221
4759
4293
2870
2344
6726
4985
3979
3070
8025
248
1946
4163
2077
3945
3302
2643
1565
4755
7221
9824
485
9703
4899
4574
7659
6217
8183
9164
3054
2935
2702
2914
6841
6554
2957
1127
3570
7053
767
3713
7524
9362
4570
3001
5550
8054
8523
2017
4476
9747
6904
1185
6714
3787
2326
1143
8697
4284
8257
3917
1596
890
3642
8495
377
6002
3212
3067
4143
3116
3106
6106
152
212
6593
7172
2108
6587
4935
579
3545
4069
8115
9689
2542
5953
6322
6360
4355
9274
6115
6444
8164
8764
2756
3121
7678
5869
786
8154
7362
6771
2709
9730
5457
7410
2332
995
8958
5611
6896
5117
8899
9842
7548
2380
4553
8145
769
2765
7302
7808
9160
7992
1754
6173
1265
2804
414
177
5218
372
1054
7719
3163
433
2797
123
2737
2068
6825
3641
5390
7975
6295
7397
8808
373
6790
183
4353
3463
6442
3719
8050
1626
1036
3079
3877
7765
2456
1244
3202
7934
4097
3960
226
5222
5468
8704
5628
5059
5037
515
9676
1612
1853
6429
9878
6174
1718
3686
9357
2431
3687
4001
8385
9037
4252
9980
8278
9963
2139
3861
8303
9292
5086
1933
4545
6356
2084
8126
7309
8854
303
7250
3668
7012
9516
4297
9514
31
2776
1243
3482
3666
4244
8675
1651
7917
4606
7599
5589
7285
9366
912
5671
4934
5619
925
3675
8463
1020
4824
794
2562
7814
3189
4360
3487
1218
790
2294
454
8754
7111
6094
6959
7084
3430
1182
4122
5954
7171
1931
7348
9456
6729
1490
3788
3420
3905
2500
8851
520
705
8436
4430
5339
8460
2054
4761
6001
6974
5490
5380
8609
9421
3896
1685
1220
8445
796
9972
2286
8731
1927
8561
3311
8286
5363
7947
5496
8408
4306
766
6072
1235
5949
1478
9572
937
3660
4065
979
9177
9325
9721
5689
930
7293
7105
4492
838
6418
9914
1067
8134
1427
9074
5479
4037
2283
2545
3339
3847
6451
8988
8930
206
342
1261
8467
4081
9508
7861
473
9853
1369
3745
3144
2175
8968
3321
8127
5876
2179
2026
3413
7486
6299
5974
4998
5531
6810
3078
1399
8266
7510
8026
5057
3408
5551
1991
1146
4115
3050
2327
6112
8067
1650
8202
1016
7742
2138
205
7226
2923
8322
1797
9212
7946
2133
6673
8172
6089
6737
4446
2358
9563
3953
8687
2553
8971
3712
65
1472
2376
3394
6439
6900
3127
8153
6183
6713
6685
8073
5697
7060
7363
7825
7097
1144
6241
6683
9898
323
4737
4482
1826
9256
2290
9586
7115
7746
9943
3883
9867
4811
2389
4335
461
1476
9046
5518
97
1617
2417
3072
9260
6492
6247
6546
5966
8481
2109
5326
9294
1168
3778
9546
410
4117
7817
651
3546
4262
375
7173
4794
7163
1947
5284
4032
4856
5408
3557
9960
6210
781
8395
9812
996
4407
6642
9518
9288
5993
7110
4058
9911
9040
9219
415
7865
5723
5122
7409
7120
1178
4385
5055
2688
1408
5125
3503
5568
3145
3811
7847
3906
5347
608
6480
7369
6435
1170
7811
6453
8597
9034
1937
9836
3238
6388
6497
4648
7190
3582
1138
6581
2760
2871
25
2156
2609
9693
3584
3244
7055
7649
6712
7475
9148
3259
4595
1592
8240
3386
7996
3662
7774
4996
5250
1956
660
9738
9739
4166
3407
646
7995
6259
3046
1341
4961
7857
5144
2529
1329
8259
9381
8681
9316
1435
6935
194
3387
7201
1879
7458
8584
6015
1461
2719
7708
3670
9230
5212
6390
2713
1792
644
4045
6988
934
3235
7648
1828
8876
3313
9079
1421
35
6434
6437
1112
7761
1844
4169
3019
4972
255
3232
3499
500
7082
2705
5298
2345
2445
475
395
6297
3085
4615
9937
6703
6800
2934
1654
6675
5208
5132
4710
2311
4938
2505
7712
6384
9737
812
5030
5799
9195
5267
3004
1360
8340
5069
4991
7926
5606
4067
3620
9201
4026
7557
3728
1795
4093
8845
2251
9249
374
6583
8585
9150
4470
535
8599
9436
3780
5217
9956
6204
5402
9782
5080
8640
68
8077
7150
9751
7246
8957
3759
4771
2059
5579
5197
1801
5646
5311
7509
1613
9915
6744
8023
8728
5557
7920
4368
3798
9350
2800
2267
4473
9407
4499
7615
1
6690
9271
1999
6143
2256
8379
7618
306
3255
3486
3806
2121
5107
5976
6853
9152
9565
9167
3366
5041
7372
1175
9585
1703
5189
4211
5341
4199
9464
8047
9060
2747
1823
628
3805
1400
2577
2061
4827
7430
2993
4343
116
5413
3270
4233
862
4543
135
2582
1147
911
6058
5537
8810
4859
5282
80
8705
5778
368
7683
6653
5960
4056
6723
3509
467
4749
8922
8647
1849
4131
9764
2010
9829
709
2362
3148
5942
650
8903
3134
7668
1935
4578
8974
2226
9044
4691
7686
9132
2805
4774
9580
470
3237
9032
1316
9492
5471
8318
8586
1004
1720
960
8160
6298
8064
7915
5927
5156
3457
9364
7566
5356
5777
6070
9345
6914
5821
239
2949
4623
5015
2694
6039
9592
798
7643
7457
4649
8614
137
8383
1008
340
2860
3196
2008
5169
4393
6102
6164
8594
5334
5391
3296
2510
3040
5230
307
4854
490
2920
8929
4515
2735
6660
1599
4517
1630
2655
5121
4909
1343
9540
7937
4684
1505
7040
9205
2295
4908
1312
1952
8368
4735
9038
1155
1838
7929
5048
949
4412
2744
4882
1975
8536
9419
1386
7868
3593
834
2003
1137
7191
2477
6745
3058
896
6443
5838
7842
6591
4386
5970
9418
8333
7515
7278
2007
6460
479
3160
9424
2525
5498
8185
7928
9906
3105
6380
5805
1677
3592
4988
7555
3236
102
1184
4784
8360
8860
5295
7017
5177
2503
6567
1375
4432
4531
3658
5683
7575
4210
3178
1370
163
7790
7874
4814
7854
7776
96
6972
929
3903
6191
111
1342
8820
5886
7093
4661
7003
4105
268
8336
8071
429
5016
9163
6937
5977
1264
5968
772
5887
7734
5153
2677
5460
3015
6222
5521
8211
9174
7033
9685
3242
4383
9929
1978
1273
2400
2785
1642
9231
667
8603
7536
1837
2404
9743
5157
4893
8986
7236
8263
4164
4015
9263
8244
6186
3667
574
3517
4616
1313
652
8578
1951
895
3132
5127
275
4276
7834
6976
9470
7398
1378
9605
690
8017
8824
4840
6213
3624
2110
1874
9266
4178
8853
9729
176
9410
4860
2840
2528
8996
4874
7417
1665
3943
1141
3580
2074
6999
9494
7455
1140
7069
6691
1572
7943
7661
745
917
4719
7631
1903
563
2814
7401
7298
3999
8150
3211
2780
274
131
621
188
2559
6700
1972
2223
7522
3120
5946
9562
9675
1412
6237
993
7945
1209
3239
9852
2234
8174
4789
8414
2517
5097
4546
3362
2285
5590
8590
3935
7223
5369
974
847
8262
9973
115
9217
4704
5370
291
1683
203
915
4708
8738
7477
648
9243
8101
8507
8216
3706
2284
848
7523
2436
589
6627
3437
4239
5817
7958
1822
1428
8331
5746
8457
1445
3458
8062
99
3963
2738
1781
6448
6780
6751
9504
3838
8277
6178
6422
924
3975
933
9616
4458
7434
6018
3645
7114
2997
9634
8604
8788
1590
7815
4174
3104
388
4633
8087
8088
3697
2302
6005
9254
1051
1941
3564
9315
3330
5879
7104
7333
3626
5162
3491
4550
8661
2434
1765
6848
6138
8157
3970
344
9062
1459
2539
4307
8407
4511
5062
2729
8812
827
7472
2549
6882
1850
2050
575
4502
3370
2792
5757
9719
5233
8655
4057
6710
133
9935
7488
14
7704
1189
8081
75
4366
5584
8105
9380
9130
6304
4156
8580
2397
143
8498
6750
3352
2672
7497
1229
8431
1872
3576
1576
1764
7506
8195
7276
3312
7000
5895
7138
1417
6092
9496
7762
5513
8035
7889
5605
1422
2892
6258
4478
6267
4142
6043
7684
729
3532
7215
5732
6784
3243
8898
9566
6025
7091
419
112
6315
5335
9530
7189
4202
4863
5187
2716
3837
965
2915
760
5074
932
9404
1835
1073
8298
4956
5429
6887
5684
7303
2784
8403
5849
1678
4936
773
1455
710
2681
5940
2165
4328
9661
52
4103
5918
6991
4435
2740
4454
9649
2929
3373
1152
5963
4188
8279
6441
8951
9412
9845
70
6718
1738
5175
3043
8773
7556
5653
6413
706
8893
3665
9402
438
1148
7918
9817
7577
494
4167
3535
8953
2720
6133
7443
7783
5704
5791
320
6152
5536
1695
4970
623
6681
3832
449
1210
6032
1072
4288
3016
71
2032
5911
8965
3895
1437
3753
9882
5601
1194
159
9658
4971
8935
8123
6242
1942
3501
3031
6575
5677
3874
2116
3061
6124
7157
4842
2950
8269
3765
1448
4592
7113
5047
8468
6145
614
8646
5422
3450
9863
4351
8222
5289
9367
7752
3608
7986
9577
3707
3841
9966
7652
7597
4317
9831
3638
2753
4891
8484
1693
1253
1324
9583
6019
7471
6105
6121
4575
7489
1176
8188
4583
1062
3908
5476
3284
4940
8357
2207
3807
3502
6962
3351
6430
442
8817
7949
8832
2992
6851
2229
1023
7701
2550
6952
4528
627
8411
8759
4025
611
5856
899
3089
668
877
4773
8418
23
9218
7610
8589
1351
8225
3447
1686
2883
7843
6007
3902
8846
9875
1385
4782
7660
6769
843
9319
5439
2588
3056
3435
7290
9503
1692
6134
4125
4698
3292
8479
7125
7076
5592
1833
823
2039
1981
3784
8891
6783
4639
2249
9006
5512
3836
1199
5360
1843
5982
795
7713
4302
13
124
2697
45
6880
6495
1012
7720
7029
7432
7654
2659
1024
3087
1549
4086
1609
9145
7077
1593
6063
2037
9489
4192
1044
7002
558
6694
8509
4102
9923
2195
6132
5566
1263
9142
5495
6774
2639
214
3820
4958
3253
5868
2802
9225
8117
6998
8962
1776
6733
4443
7327
2943
1432
85
6503
6091
1557
4939
2310
5858
4011
7664
2098
3679
3379
6468
4179
4797
6740
4845
1827
1292
5796
3844
8906
3888
8725
7840
9329
1060
9679
2789
2433
4303
7252
5478
6958
864
5632
2112
7355
7755
3325
5642
9223
3138
267
6254
3809
8029
417
1296
5720
4500
2186
6614
4833
8281
5436
8544
1434
512
1873
5378
3770
2975
271
1552
1811
197
2596
5383
2136
7890
39
6689
8525
8285
5841
9604
6195
2000
5715
4907
9029
8354
2347
6318
9433
2323
697
2209
9054
8600
3554
6083
3174
9660
5741
4787
5404
6777
6048
6965
9076
7183
6797
511
2162
335
6677
6632
7750
5098
6189
392
4329
3461
1280
2524
2257
841
9606
8816
677
3431
6084
3678
5234
9594
9293
9552
5510
5185
7186
717
2940
7849
2751
5783
1232
3290
3281
1782
9118
4053
4638
4489
1589
7284
6791
9856
468
4387
2185
4944
6261
9807
6730
2235
6854
9667
5914
8113
8005
7651
4200
4801
2666
6400
6099
3726
6940
1662
3672
3388
3651
7891
6103
6961
280
5598
5651
9010
3748
2021
6214
3338
8768
6837
5135
9224
4257
1934
5012
5414
7547
5562
4400
985
1277
2447
6995
8956
8926
9631
2782
6038
4705
584
4467
2969
6918
1156
235
7979
7632
5630
7164
7697
9330
6550
4370
3354
2834
2464
5695
9695
7296
7440
4161
5195
3738
882
532
1591
6888
5754
9443
5775
5243
8201
2414
3390
3439
6670
2521
8786
6707
1350
7407
9448
3629
1971
5866
8059
6477
3964
3246
8098
554
8348
3229
2734
357
6648
2270
5315
3064
3309
573
3646
4433
9556
1335
1134
4428
33
1945
7439
2137
9716
5073
1559
531
9125
7606
5199
8620
7059
3873
9844
837
9458
1911
6193
7676
4942
727
7452
7916
8305
3625
9637
616
7345
597
3365
6499
6168
863
3746
4851
9682
8841
5227
7550
8282
2680
5747
831
8011
8897
1032
3821
4617
8032
4145
6282
2360
8443
2158
5540
1052
9520
7165
7532
9622
9582
5154
1989
430
704
2668
1359
1480
7738
2146
792
4758
8772
1499
1431
7517
8622
2211
6820
4877
2691
6243
5576
9003
2220
2122
3073
2418
8204
1407
819
5226
828
7896
2718
4608
1381
6339
9203
6487
1056
4229
5706
7655
215
3890
3615
7149
9806
5036
3369
5013
4479
5912
2424
7107
8512
3331
5255
2543
8839
5559
5819
9623
5023
3146
1515
1780
3840
7679
5437
8163
360
9712
7905
3320
4095
8002
2252
19
8112
4052
2258
9428
9269
8095
2783
7837
6117
2082
3523
8456
3876
5331
2851
1983
145
3184
8648
7744
3677
12
1614
5898
3959
7846
2260
7511
8595
6967
2018
1161
3222
7816
4974
6549
9018
1419
8070
3278
9134
8132
3118
7456
4020
4721
4864
2537
224
78
6596
4562
619
8872
6535
4518
5415
3818
8497
9794
9247
8869
6621
5636
4776
5717
659
2426
1167
1997
1477
3224
8226
3777
4429
5462
3298
9796
9922
4324
2392
4896
8489
477
6539
263
7789
4172
7821
278
976
1208
8142
2832
4439
1702
3480
658
351
3180
49
4070
1267
9776
5303
2939
8207
1326
5090
3488
2067
8710
5744
9777
2113
649
9382
3912
1121
6982
8215
3193
1920
3044
4717
8246
6417
4726
4867
2487
2126
8343
1430
1761
8397
4727
5558
2838
8016
5093
5508
2755
9750
8679
6711
2314
4362
1740
671
5552
5666
3575
9977
9172
186
5268
8168
8691
4519
8028
4799
9786
3478
6553
9450
9798
2576
9574
3729
1733
9170
426
4812
5655
9487
3553
1640
6100
2119
6704
9141
2843
7435
1451
1077
3614
8917
7519
7899
6364
6934
5427
50
158
6814
9879
5793
3392
5130
4194
6532
7792
1819
2277
8514
497
9753
1288
6281
219
5891
2531
9731
3731
8734
9507
8992
605
8447
6023
7538
4447
4741
7130
6862
1914
9768
3214
8061
3170
9099
2484
8890
2218
4969
3609
2584
7997
5458
1442
8292
6
2239
2647
5525
2491
8465
6176
20
1374
3417
839
8223
252
8789
7981
403
6557
3513
9095
7177
8761
5371
8871
7299
4572
103
1864
7159
4654
8985
7081
1724
1628
3286
679
5229
4888
2952
5473
5424
5622
7016
346
9317
2742
1418
9905
699
7248
6801
3763
7353
1214
3299
8375
6858
1645
1387
7636
7894
6665
7933
5828
4832
4612
4984
3783
7760
471
3117
3112
4918
3023
3684
9830
5951
9140
9861
892
8478
7922
6475
5675
9161
6250
2848
3800
2182
606
4206
919
6501
8954
5549
754
3151
9872
3886
743
76
3401
2806
1656
2862
9233
8671
1246
3914
4580
2355
6844
3256
5193
6953
4892
5678
3410
9457
4743
6171
6478
999
4197
5087
5613
7623
465
9779
675
7176
6008
9718
4076
1479
5276
8236
8109
2548
1959
8949
8564
5128
7756
7521
2876
5928
8261
5872
4810
9630
9261
2473
8351
3207
2452
2795
6816
7797
5582
7259
4236
4248
9241
2693
5900
2638
2062
2743
3403
1669
1497
5464
4960
959
2593
3171
5011
3521
6968
8534
1581
5263
1766
4594
8895
7321
4349
2408
1415
5116
7952
6947
2321
725
2560
4264
9453
7154
3993
3723
269
7639
4786
5392
8093
3083
2741
6812
2937
6341
8346
1606
7739
2160
5756
7732
2891
9082
5313
1516
3525
1710
7667
3860
8008
8329
8253
6461
7985
8136
7859
6331
5077
3991
5149
4539
8598
3128
7219
1413
3735
476
2766
6796
1785
6026
7982
4818
994
9578
9602
2080
6534
7835
8713
9810
1861
7871
4221
166
2931
1227
4916
3358
2308
9208
253
443
6732
7274
1394
4883
3859
9896
9333
2601
3295
5734
9981
1268
9178
1302
3891
4937
4906
4968
715
1340
2972
2749
5443
4990
4768
2727
9282
4222
2490
463
8475
9198
2707
6932
8439
4644
9323
5930
3682
3194
9356
8670
3475
1446
8656
9188
6630
2031
3141
7144
7824
1092
4542
1694
3496
2023
1721
8732
5287
8471
4666
4440
9199
7723
6623
5806
6489
7330
8044
169
3791
7737
9704
6925
6325
9908
4394
2095
9420
9183
730
1892
9105
6767
2246
1915
3740
1563
7520
5449
8441
1200
332
7980
1293
797
1684
9445
7529
2341
842
7689
7726
1948
3086
9736
3547
7340
6821
3347
8652
304
8213
6586
3848
56
9370
9154
5076
8051
6113
4904
2163
9969
8907
5085
8524
1507
1779
2567
8976
1046
6930
2335
5220
2689
7973
3650
3492
2986
4879
210
9477
7047
736
8274
8686
199
1404
431
7264
191
9286
9461
8234
5773
4113
1890
7779
7771
807
9785
338
3468
2083
8391
334
1196
4739
9648
7709
6963
6595
363
637
9722
1530
7148
1578
7561
9056
2673
8709
4880
2373
832
6562
8775
5109
2976
8021
1150
3603
9670
927
1681
9498
9186
7957
2572
8304
8729
6009
7207
8756
4597
7662
2150
2215
9093
4699
1858
6766
5327
2585
5859
6013
2820
1336
3021
3661
7051
4193
6375
3011
1145
2511
2096
2128
1160
2041
4805
458
6376
240
5539
8678
7727
5661
7596
9426
4621
4253
1723
1820
5345
6235
5617
6319
8180
3965
5652
7099
7262
5026
5421
9625
6679
6146
1001
2377
1717
4375
5155
9406
922
7892
130
3673
6391
5254
3334
5945
1535
7959
1501
9478
8000
3997
9525
6720
432
8122
9600
6508
5603
2168
4461
9775
6721
6889
6580
7277
2219
1225
5682
9799
2724
8934
7707
5742
2192
9265
1713
180
4310
95
2493
2309
3680
2340
3412
6127
2607
7247
5943
5722
89
9014
127
9021
5412
9302
1205
5206
9531
2852
9656
7151
977
66
2264
2612
4681
5201
6321
9918
5852
38
9617
9070
6647
9209
6233
6631
6343
2289
8792
9106
5186
3995
6742
785
2240
8487
4007
1538
7390
7233
1300
9746
8611
3822
6349
6220
2922
5202
3367
2911
1321
8527
8175
900
9802
6564
1224
3775
6891
4930
301
5687
3863
9873
5079
6179
7341
8751
6830
2615
7725
436
5736
3544
6560
2233
9569
8048
7024
5702
6419
7379
9289
5761
901
1100
5032
5776
5204
1308
6095
8444
9700
8537
8405
6334
9599
6659
4653
6337
7006
8036
2669
4184
2715
1107
4630
7696
6065
5645
6852
3789
4803
803
2667
2167
9427
4465
8437
7818
2013
5075
8615
5453
6308
300
8020
8566
4886
4217
2590
3382
1193
4804
2407
3260
6300
9041
6577
9090
7646
9790
1425
8241
2124
8769
17
762
989
1885
6939
2788
8317
4381
7180
7464
3490
236
1808
1534
2598
9184
4922
8187
5309
968
28
5845
8623
898
3598
8085
8267
1742
7507
5685
1804
3157
4557
1647
961
8203
638
5472
2873
144
3400
6135
4846
7388
6989
3779
2151
8342
6838
2977
9987
6030
8254
8049
4872
2555
3839
4414
9804
6521
7791
7162
238
4808
7001
9094
9741
3169
3427
9860
2271
2361
7179
4242
5698
5545
992
1174
8377
1211
5452
3107
53
9874
3543
2807
7637
4397
6139
2140
3555
8287
54
7119
446
3565
5151
6445
6472
6010
488
6994
7408
1366
7877
8233
5456
129
2902
9871
920
9920
1475
2699
1675
3885
2045
5609
8012
7479
2331
383
5214
2381
4313
1604
2956
7862
2457
5014
8256
9389
4809
9377
1690
4035
6427
4332
962
1469
6597
6693
7543
3002
4002
1513
7426
6275
2060
1794
5377
9110
4312
5984
486
7320
8102
1019
7907
3033
1829
7366
2221
4506
6964
2796
1751
499
4183
5724
1902
6218
1570
9832
695
3741
4091
8809
7858
5623
9993
4254
3395
4927
2474
9795
857
7251
3198
840
393
8401
9012
7004
1949
3
7349
9686
6329
7028
726
3433
7927
2130
313
4686
2649
632
2880
7767
2551
3799
4579
378
2011
6081
8166
9509
8852
7852
9387
529
7869
8937
5643
6054
4258
4766
9270
2826
281
9173
9252
3994
7680
3096
9988
6342
853
6278
8803
4295
4149
2193
4030
1757
5354
1867
2803
164
6387
5293
7094
3136
3605
4062
9100
2064
7347
1955
7845
6684
6515
8643
6931
5919
4765
1332
1580
7237
4752
3932
5600
8939
3143
5286
1616
5751
3135
2446
5274
4509
5896
603
2401
1030
6985
1125
8683
2406
2858
9596
2291
1752
7620
549
2475
3915
4488
1817
3346
1049
9117
8494
3026
7622
4279
7373
8881
6555
5830
9049
2090
5296
6911
7598
858
8700
3984
6559
389
4124
991
2453
8630
2774
789
4554
147
7145
7698
7317
6951
9077
7580
9654
5419
3973
3323
2177
1488
942
6024
7703
1900
4060
5842
4614
82
4331
3715
4320
3384
8576
1249
3287
4740
851
6966
6902
2556
7576
580
6682
3419
7527
9620
1115
9611
4495
9156
5106
4928
4364
257
7784
2371
8043
4008
8575
6372
1545
8503
108
5637
5926
986
8369
9473
6307
171
5527
7490
1597
4825
9650
4689
1238
9545
5395
6840
3924
1050
1491
1079
1357
4024
2878
3065
4573
6494
5961
6119
3539
7376
5676
1526
9495
1383
2509
1706
6661
198
4300
9717
2328
3631
544
2075
3205
273
3571
9791
6879
57
8993
277
7609
5438
8125
3808
678
4263
6327
592
6452
4354
1458
1103
1033
9482
489
2603
4541
3192
7085
1748
5834
8936
5325
6485
5509
4567
5251
533
4778
7629
6717
7216
4834
8743
6846
546
5668
2440
7499
9039
9642
8389
4544
86
7166
7044
9822
8766
6519
7901
5228
5481
2846
5088
2604
6754
9324
7978
9192
5716
8264
8194
7607
7361
7117
3552
5475
1028
4378
622
6611
3147
7133
6831
6818
3342
1393
2821
8557
1953
8349
3762
204
6128
6654
5604
6353
6180
4218
7463
3797
9837
6035
4724
2570
1000
1893
1575
1921
633
2759
9628
6234
6328
4255
4634
4144
4315
8178
5785
8570
1909
5588
7731
9200
4138
8724
8770
9133
9354
175
1899
9214
6943
9950
4869
7883
4128
630
2183
2089
8316
251
1260
893
9371
9828
555
5902
3725
5261
3240
1414
3830
3968
1715
1508
6543
2983
7740
5372
7617
9481
4844
34
5555
8668
92
6288
1634
4555
8310
2459
4587
7041
5818
7423
5915
8252
5400
3349
3829
2932
4696
1907
7589
9646
8249
9999
2420
8284
509
3955
1627
1447
884
4601
9816
2955
2711
4858
9327
1411
6283
9709
4585
7745
5009
3510
8794
3068
7036
7812
7782
3453
3152
4658
5161
5466
6603
2790
5465
4318
5145
2936
4390
6619
1663
3893
156
5906
8613
739
371
6426
2441
8552
7268
4043
3221
2248
883
8818
5514
2696
7198
3769
2287
8010
5560
4004
7255
3528
653
322
846
7832
1040
8909
1015
7265
2208
6227
7886
4195
5022
3730
6033
9838
5822
9359
2127
2476
2356
1574
6394
909
1831
5650
3871
207
8823
5365
4701
5040
3865
6645
2206
8801
2526
1556
9168
5556
1281
2364
8960
6610
1813
6104
7328
3188
1464
5986
3097
7863
2097
6802
2787
77
1620
8143
9511
6676
3881
5787
6861
7305
886
5710
8619
7022
483
5924
2410
1814
1728
9526
4137
8466
1223
5139
5674
7043
2154
2263
6276
9491
1320
1361
8555
3950
4501
6389
9962
2853
8099
6890
1687
3926
7798
4820
4745
2918
2508
9549
7989
6046
6933
8994
8332
3176
9994
9885
8096
9805
5337
9187
7419
7500
8612
4120
1299
2421
1230
8574
9995
4466
7778
6775
8541
711
1306
192
8833
6716
4675
607
1254
8433
4247
7318
6811
1608
2974
2372
9066
9065
2275
1323
2425
1021
480
6667
8750
7914
5956
2683
7911
1354
5596
1462
9808
3275
5964
8740
813
4713
2520
1201
5244
4826
106
2960
8502
9035
2016
2161
3804
8799
6757
8538
2091
8114
7035
3310
3815
7175
1438
4657
7087
9692
1301
7332
6763
9887
9539
8155
8030
9773
4647
2303
8777
8453
5621
284
4875
7692
2810
9061
9069
4116
1688
1744
642
6779
5084
2012
237
3077
3308
3399
8159
3957
4628
4992
8227
3110
283
1498
484
1632
654
4282
9770
5324
4522
5740
9245
8526
2721
2657
849
9635
6184
2984
4921
8693
2592
5705
3269
1097
7135
4706
8639
5398
9432
5577
1503
3397
8374
9235
8019
2552
3922
9941
9883
9242
6905
2134
9057
5336
2171
2690
5280
1886
2963
5435
7640
2467
577
903
7287
8695
4207
8398
1183
9733
557
67
9361
1610
2261
7323
1416
1390
6941
9215
7193
9341
1830
9097
641
8063
6361
4900
5634
1987
8031
1803
7346
1094
3581
1310
1553
2961
8940
735
3529
8835
2387
4516
2771
3695
337
6449
2631
955
9727
9886
4436
7005
400
9499
8086
7385
9671
8553
1027
7220
8052
6542
3100
6303
6869
4189
6196
1670
8904
3195
7306
230
6368
464
7830
3699
3718
4046
5344
7571
4409
3627
6975
7991
3265
1388
2058
8275
5043
5054
2117
3305
6131
2100
1396
5219
7184
3319
1006
3640
6688
5103
7072
4308
4107
1463
3931
5614
1735
3944
7068
2895
9684
4129
8042
7414
8482
1492
8454
636
8169
9441
7181
869
3588
6382
2262
2029
6344
681
1595
6457
6399
1653
8938
7182
3617
2172
3027
9761
9953
8736
3516
4176
936
8162
8616
9258
1087
1577
6359
1122
9955
1473
8776
1436
100
3155
9259
4135
5205
9126
7374
4911
5483
7473
6366
5279
1568
9803
3036
7394
9880
8984
3736
6059
3271
187
4187
8685
6050
7953
4427
9422
7909
5110
8791
8749
2155
643
8396
7634
5148
3248
2745
8981
4678
940
1958
3813
9964
6049
4333
8864
914
876
3514
3907
3987
2665
1276
254
5533
2786
6898
427
3882
1010
7127
4452
3691
2492
8248
6605
1080
3423
6592
6219
9128
5979
6042
6842
7304
2236
3801
9663
7228
2415
201
4232
1409
5909
9279
8821
9085
7658
1443
9253
7222
9771
2650
6052
1759
5052
9866
5923
8420
4437
4012
6060
4134
561
7134
6140
2856
9246
3549
4779
4873
5892
4278
9510
6823
7026
6950
3810
7786
8312
2496
4989
6755
4203
1648
7539
3664
1676
8714
7496
8091
8680
7775
2981
686
6509
119
448
2273
1240
5467
2587
7444
8353
2947
8573
7018
7326
4593
1587
9640
5278
9267
5137
6351
2461
6516
4514
8364
4425
6666
1745
4926
5171
1977
6520
1439
3773
5338
4444
286
1544
2558
9979
5095
2317
4250
8942
450
4213
1219
1126
5768
5844
9144
3724
9505
2541
1504
9149
364
3946
5407
2825
4123
6819
1084
4983
6011
174
6722
9101
22
5067
9978
4130
3393
7574
3824
3018
7152
7279
6662
5317
7462
8392
9913
8542
5232
9098
6571
7289
9974
362
1510
105
7400
3383
591
9543
879
4361
3428
9337
6123
122
1119
8205
4626
7715
4645
567
1337
3041
4577
2385
151
4857
2748
626
6456
3454
7716
1318
8676
4455
2191
2437
9891
4159
3831
7942
1783
5288
24
3263
7763
3069
6906
9948
805
4314
9673
765
6484
6167
5506
2047
2320
7466
945
4871
1398
9529
693
1964
5092
501
787
3854
8319
3230
8325
172
2971
635
3048
7537
1712
4108
8878
4049
6316
7230
948
2887
3206
3563
1362
7534
5257
8472
4731
316
8763
8606
7567
5416
9480
517
4884
5680
4471
8402
8862
9197
8767
7591
5526
9423
1602
4182
3872
5730
7224
1057
506
576
7878
2481
8547
2030
5168
6622
4173
7787
1171
1523
8149
1930
4096
689
3090
165
98
3462
8944
2005
640
2334
891
4581
149
7780
6701
5587
6847
5839
8258
4474
7902
3251
5403
4525
8703
8001
1966
3733
4521
1722
7531
9589
9127
2903
2907
2506
5262
2304
8563
8914
3285
9393
5519
6498
2739
6215
9884
498
6336
3781
771
1395
8084
7217
3711
3249
3594
8631
2429
4031
4296
8293
8193
6938
8874
2153
1405
9752
4558
8232
9573
7067
8406
703
3126
9575
3481
2463
536
8365
7371
2733
2762
5561
8673
5772
1228
3368
6568
4038
459
9781
8540
4576
1483
9434
5679
8501
5426
7429
7431
1099
2723
247
9157
8094
8964
3241
6371
1594
1539
4556
5770
6073
5237
5965
4881
5857
8045
6017
1132
7103
6650
6808
2028
5018
7503
4742
5814
5765
3012
9951
5800
664
1517
8296
8469
8850
3191
4729
1888
3360
9313
5935
4802
2717
8948
4041
2678
4964
9108
1982
3051
973
3226
1085
3130
8554
2770
5541
8426
1769
3947
7422
7143
972
2049
3449
9165
2516
3776
1467
4219
6324
7770
2566
3483
8131
6407
9961
5163
9989
6537
9542
4767
9652
7156
3013
9742
9331
4524
1904
6244
1177
6466
4028
2808
5294
8902
7558
109
9116
7912
8689
4450
4738
3014
7161
2726
873
9349
7453
3721
3297
3894
3095
3228
1643
3619
6807
9967
7292
7307
9479
6198
6075
5213
8855
5004
821
493
868
4790
966
5826
6997
7714
9984
4673
3455
5524
3649
954
9287
3164
6883
1753
3474
9488
3307
6574
5881
904
8828
620
7254
4088
3200
7804
6506
7034
5602
9774
6031
6588
9825
5269
1333
931
1512
8989
3280
9210
8288
5494
8663
4238
3949
647
4878
8601
9755
72
2899
3669
5998
757
7311
6892
6209
5599
656
2200
4588
7513
3596
9827
5393
2495
5235
9815
2504
7229
9601
8884
9053
1118
1202
5124
9262
3137
4862
752
6470
9687
1234
9538
5725
6192
3519
7381
1707
4371
4551
7116
2065
4114
6644
1128
984
5384
3203
2967
3208
4399
9308
1922
8545
2143
3266
4235
4190
7856
5627
6909
7088
9926
7806
8177
2405
7023
9081
416
4747
5283
6365
4175
2046
3477
5647
6834
6181
5357
4251
5375
2403
3111
7071
836
8735
8462
9147
8097
3590
7695
4292
8459
9227
1258
6629
7031
7451
336
7
583
3376
4403
6225
4692
160
1011
6265
466
1511
7324
1096
9493
1799
285
2176
3282
8355
5142
1344
5038
3264
3541
5248
4133
2129
9068
9888
8748
1607
8311
3497
8442
7903
5310
3992
3761
5962
5563
8423
1325
8517
9009
7415
444
2519
4136
2663
4676
5216
6003
1440
3294
2994
1250
4665
870
8321
3441
6894
8610
1269
153
5367
2942
7244
7691
8549
9760
8280
9997
5997
1025
3424
7614
8535
1303
8313
9284
8422
4033
2614
1963
2432
5065
1548
6486
8
7611
928
1863
1700
9107
8560
5899
8626
5240
3493
150
3750
9728
585
8607
624
8366
2849
4571
1382
6182
1064
6187
6379
4589
5544
1910
8231
5586
6406
9204
9534
5192
6948
2686
1657
4619
822
6120
2793
6829
1345
1233
6200
7887
3444
1063
9657
5253
4
4847
1775
9765
7020
9607
6287
938
4605
5131
2197
8863
8448
2836
8090
7969
9179
8889
4101
6799
6794
87
4391
8024
5394
7768
9949
3045
7129
9517
7592
1762
9452
4966
698
5985
5492
387
5290
179
4849
6827
7337
1532
7885
6856
610
814
381
7260
7139
1729
8416
2586
5748
7121
2869
4477
8200
2561
8013
5418
2120
9408
5608
6027
4965
8973
8674
8089
5578
9899
9608
3900
759
2237
4261
3153
117
8041
7245
2816
8859
3113
1546
1444
3300
3109
4876
9189
8883
4230
7545
918
5825
7831
2245
8692
2818
5049
4527
1697
4590
9312
793
48
560
3167
7951
3599
1206
2466
7387
1231
8969
9449
4265
3345
5330
9714
5529
8151
8829
5658
8987
3587
4323
4712
4931
8980
3704
3693
8499
2497
4083
4365
2173
8435
1974
5520
1540
7554
5995
3969
6223
5463
4830
6866
5631
380
9466
84
9793
7897
9375
7841
5140
3647
740
5854
3632
941
3182
9055
8235
5691
4700
6548
6310
5804
7910
4885
8925
8592
4112
1104
8140
7206
8014
1875
4111
6628
4947
7839
8747
1377
1485
1836
8415
1918
3434
8289
7147
6734
9558
2145
435
5729
9351
9159
741
384
1668
8510
2370
2115
7294
7384
5726
526
9444
7572
2835
7879
5164
1287
1529
4339
428
2352
2458
8135
1007
680
5297
8739
142
6875
4196
270
3792
7205
1611
7314
764
780
7446
8387
4340
1120
7050
7801
6639
6144
9386
2533
2951
6051
4481
5215
8567
907
2230
4813
4415
9708
2036
6147
9839
6410
8190
8327
6411
826
3063
2660
2750
4559
8294
4010
8434
3858
9338
8171
110
7214
5767
2288
1247
4121
728
9273
4977
3005
5913
9550
29
1940
8624
866
9513
4110
770
4126
676
8306
7329
9848
2462
8297
2575
1076
9162
8861
6206
3720
6488
8632
5781
9992
8983
6238
6776
7673
2480
964
4281
7514
1773
343
9394
3702
8706
5376
9314
733
7027
982
6850
9276
552
4225
9772
4748
7481
8173
8591
5848
1711
4637
5485
9080
3187
5060
4389
9283
587
2611
3415
1969
5112
1108
758
2203
6459
2210
2020
10000
6739
1048
7465
3017
4895
1186
916
2099
8844
4951
5738
7402
5008
2817
4055
7718
7098
510
3982
7399
8659
9486
3897
3520
5446
9632
9756
5292
3322
9645
8866
8701
7308
528
5179
55
4034
8074
5072
714
2863
317
1471
6270
330
7142
3274
6057
7604
9336
4337
178
3293
2131
2881
2105
3849
9903
8771
7470
1788
7046
7962
2710
2006
8946
6946
1519
8785
1950
5774
2393
2368
4275
4915
6731
5612
311
6474
4732
7888
2469
1524
9403
6157
7200
3551
9754
9557
3210
7239
7633
8562
3165
2301
8978
1990
7106
2244
8104
2905
4382
7483
8717
2111
6511
9465
5477
1760
7820
4549
9940
261
2965
8352
5441
5314
9476
2837
9564
5709
6527
5081
2081
7822
673
2460
9523
3348
7009
2557
5638
3556
7450
5027
6404
1737
4707
6706
645
7699
10
4016
7867
7123
9968
5620
5931
3006
818
1037
2040
4923
9360
5728
1622
3628
8783
4082
2255
6245
4104
5815
4744
2687
9475
2449
9022
2102
8255
1787
2033
213
7853
7413
2178
8247
2483
9083
4118
3795
5607
3758
3685
1284
452
6269
9947
3049
3098
5045
3357
5798
9677
4910
243
4711
6762
8618
5252
4106
8910
9690
504
1719
4099
1525
1883
7616
8690
6620
6613
5978
8500
5920
2044
5152
6228
2620
2619
3071
8947
6021
1047
9472
1913
8245
2540
1939
6155
951
9945
2232
7169
2465
6565
26
2546
6828
2791
1066
8076
4620
272
3029
2913
3754
5017
3634
4245
3139
6533
1824
944
1805
6510
7541
8800
6836
6357
4976
9970
1468
4839
4139
7136
4674
8483
1541
566
8290
2204
4610
1295
36
3422
9220
7988
718
2409
420
5762
9004
9535
5182
9701
5044
4422
742
4822
1327
2324
1376
3140
8781
2695
3705
5320
439
7930
9588
8568
3159
2180
8424
3766
2053
9102
3692
4660
2103
6076
2056
1567
4788
4751
2297
1348
8757
8672
2842
3122
4089
8638
1542
6473
4421
1790
9321
8486
7102
1859
3172
9028
8572
2194
1878
7258
8428
8702
1816
3396
3655
4000
6590
1655
507
5401
6637
8913
7380
4769
5629
9748
229
5922
5659
4080
3857
6860
1807
6285
3329
6481
8384
971
2238
8170
9925
9072
2706
258
8715
7621
998
282
7663
2042
9788
5840
8762
9067
6578
8356
6813
9697
5958
4148
7956
4780
2224
5259
2213
9137
7735
6323
3846
5836
341
1926
8836
801
2847
6301
4547
4540
774
5580
7436
7021
3889
2682
4716
6110
7253
508
1188
3536
8886
6409
9036
5358
2072
260
6421
9026
9320
9000
2384
9512
4652
1169
2069
3749
6408
9619
8452
7805
4723
2378
8556
4508
1071
9965
3190
7759
3404
2579
1384
572
2769
7295
6756
6332
1372
7802
540
2222
7269
5877
4018
6552
8458
800
3343
5853
6000
4456
1322
3875
2132
6815
1275
9196
5445
7160
5574
5172
8665
3515
9411
2948
8972
9002
3980
5025
2728
2365
8380
3981
5410
6248
2591
7197
1877
9181
3361
1639
3568
9560
3916
1889
8520
2501
9446
1215
586
3850
4165
6956
9849
6806
4954
4146
5714
227
9112
7367
7977
8997
2884
4451
8196
2644
8300
4611
5046
7433
8746
4680
1124
8651
845
2919
9921
4441
5660
9567
6268
1453
5571
9877
8530
397
8805
3952
3764
2864
3000
8571
3505
746
2250
1098
670
8637
7146
1433
3559
4402
6096
5992
2472
6412
482
5000
7048
216
6942
8811
4036
3812
6872
173
556
1664
3245
5007
2589
2454
5749
3967
655
2844
3340
8181
9735
138
3567
9086
525
232
256
2701
1222
3524
9131
8004
2227
5070
3689
7671
4730
6464
9064
9376
3925
8361
7675
906
4756
5343
9206
6082
755
2568
5299
6286
6601
2329
3303
5553
6293
581
5385
3291
8982
1457
3868
2512
5003
1309
451
6273
5644
327
5980
3252
9398
5735
4348
242
8167
5548
104
5411
5091
9904
6634
4837
4760
8551
6130
8875
4316
1212
4815
1192
3479
8793
6194
47
8492
1197
6697
4405
4609
5271
694
8018
3385
3913
2253
7441
2730
4987
6523
3333
3328
170
3852
9946
8858
4663
2293
2722
4100
321
5115
4853
279
3008
3976
7653
6743
7893
4201
8837
5669
6747
2610
1555
9474
7685
8745
7813
4006
5019
712
9392
4986
5431
3835
1041
4485
935
5803
1649
209
1566
3506
1768
9340
8787
4442
1825
9092
4526
6655
3371
4943
8212
7460
6782
5812
4667
1180
5640
3156
2632
2841
3879
6358
30
3583
1528
2692
9151
6945
9691
9957
4301
8242
1181
9767
4396
4475
5190
9121
121
9924
5808
3833
1248
1078
4714
8359
3653
3531
196
8621
7781
418
7993
9180
2898
5382
3494
9833
1347
7870
7312
5300
5386
5249
8664
687
5820
3262
4981
9532
6162
4894
9385
6984
352
4373
8977
2135
9749
1701
1851
5491
3213
6378
4535
5672
6047
8137
6392
9840
7498
4240
1307
590
265
9850
6795
6512
7569
1741
7057
1226
5528
639
1862
333
9113
9734
1881
3722
9103
3734
5585
7516
8446
5903
8334
1868
5362
9783
7038
8629
1536
3183
4917
1105
6149
3782
244
5396
2569
8493
5210
5434
3470
1852
3445
3466
7967
9042
5901
94
3042
2470
3062
234
7504
4379
5692
4694
1426
6609
4191
634
8337
6279
3102
6781
9778
1984
2839
983
2928
7386
4948
9322
4487
3082
4469
8449
2416
5265
7964
7582
4967
396
460
4168
2954
3175
3834
1842
8118
2778
5361
3802
5758
7828
9399
1818
3025
8121
319
81
943
565
2894
3904
1800
8425
1777
7544
447
662
376
2554
674
6600
7454
2367
9858
9383
2123
2990
3125
9571
4889
9236
3613
3985
9153
6314
5056
3771
967
2581
2527
8587
6098
1271
9490
4401
6455
3038
125
9207
154
228
9124
7178
6617
308
744
7960
6563
3637
5921
1635
3648
8719
3511
3301
217
750
4733
8409
1543
6257
394
9927
58
5802
8521
8451
1976
9843
3377
4651
1494
6612
5547
4228
5176
4843
4963
9306
8066
7167
4763
6109
8605
2396
7092
3446
4220
7424
7188
1304
5430
4021
8400
9442
5573
3003
522
6981
7925
113
5990
2353
3636
132
348
7395
3540
1251
3168
5029
2982
1002
3739
4957
3150
7339
6305
8581
5469
7335
3561
1928
3273
6698
9372
3324
5021
8654
6405
2499
6363
1784
3768
8641
3234
8778
3055
7608
2625
4994
4411
9234
7970
7267
3426
114
997
9889
5701
402
9342
9907
325
5119
339
3855
5816
7474
5209
8022
9862
474
9744
721
9548
9522
3717
6424
5641
2399
3091
8933
3747
7944
1917
8461
3227
4607
990
5760
2714
3616
888
3941
7234
7212
5648
5625
4602
4995
2924
59
1558
5593
7241
810
7644
5731
777
7375
7338
1802
2648
7999
1727
3326
1136
1605
5319
7396
2022
4903
4703
3247
8831
8644
537
8840
2319
7502
6746
3179
2450
1579
8779
7078
7809
7552
8148
9300
4850
4066
4770
2391
1527
1739
5937
6385
1691
5824
7941
5501
5502
4419
2973
8569
6330
1315
6845
5425
9290
3464
8189
5615
1452
3597
3601
1456
7932
7546
8328
8477
6262
5104
1509
2813
3028
6724
41
4670
3589
7007
5329
7700
5973
4999
5507
9639
7819
559
3007
7593
3870
4059
7850
7505
6163
6438
4374
816
9007
7096
5105
2896
2412
1450
8410
5771
7319
136
9971
860
8633
5096
8450
4785
6541
246
5569
8003
157
6760
8324
1493
7873
7799
6921
682
5223
7170
8519
6006
289
9942
6885
4246
1123
7747
5101
8838
7895
1954
3578
1026
11
3053
3119
5497
4277
7810
1506
4746
570
8804
4655
5894
2867
8270
3595
6240
2564
6656
7090
1810
5916
2363
2945
3983
8625
6071
5053
5700
5459
4693
3336
4890
3030
3131
3856
6393
1586
3574
1560
3911
9559
9401
7754
1311
7736
872
923
9698
9415
406
6910
5713
4975
8476
7884
8627
9084
9570
8741
309
6699
9483
5207
5180
6916
6188
9919
1839
9237
9244
4829
7412
4725
970
5285
8602
958
481
3181
1423
4147
6335
5389
9455
688
2202
5224
2998
445
5535
1013
8362
2822
2002
9865
806
211
4728
9430
8393
3737
8684
2265
7019
4327
5071
8260
6955
5166
9335
8027
4047
167
5031
5897
6116
8608
2882
5867
8250
478
7058
3391
3225
6873
3414
1551
7195
1331
1213
5999
9683
2815
1257
5865
2652
134
2343
2259
6311
8033
6425
9726
3080
42
8694
5957
4215
7218
6482
3177
9052
824
9597
4330
6069
7533
7923
8474
2605
9298
7564
4085
8417
9629
5312
7794
4912
3518
9379
4529
9484
5373
1582
8730
9720
5178
8649
9033
7342
5981
8915
4177
3585
829
7354
1646
1237
7600
1906
7042
6878
412
3956
7461
2312
2413
5875
731
8943
7297
5328
190
8634
4816
503
3920
8733
1856
9031
4260
2114
6643
9934
1088
7836
2043
4420
1882
5910
5989
1758
7300
6274
761
1245
2479
6868
9228
8100
9295
4932
3456
5489
8490
9008
7378
1791
6397
6857
4326
5855
3215
7013
1680
7203
3465
3476
5690
7785
3257
799
8669
6354
1901
9435
692
4868
4044
663
385
6004
5423
1571
7674
7565
9369
1732
4650
5595
1117
6122
3989
6708
4417
595
9250
7350
9463
8892
9277
1091
1406
9146
4350
6044
4925
6735
3315
6205
3951
7257
4618
5113
6415
5461
1845
3790
8367
9780
2578
9339
3550
4566
7343
1068
5733
9991
5236
2627
8199
6277
3485
9030
8991
6990
4668
4835
8718
5167
5173
2014
9985
6979
3796
4887
1379
5654
8302
1111
7070
1102
7578
6529
7998
6396
8110
7487
6202
9051
7196
4061
1598
7666
3533
9326
8806
5034
1847
2379
7377
6709
7359
6340
3452
3671
8485
1734
1666
3828
2571
5340
5763
9078
5028
2148
8508
4902
4418
7586
1403
8455
9894
657
5948
2298
5801
8593
1943
2794
4367
3862
3752
7665
2522
3059
4040
3864
2746
1731
9384
9155
5991
8834
6280
9307
4132
21
5823
4068
6177
1149
2597
1101
4290
1081
1641
4483
9311
2777
1256
7855
2448
1809
4949
7603
6156
7482
5051
7411
9025
7647
27
7724
8138
4950
3039
3460
1162
4181
9835
1854
5694
5083
4534
8219
6538
5432
5873
6881
2419
1065
2732
2824
867
9759
7900
5308
1465
2214
7485
1314
3708
1133
7741
3093
9297
6901
8371
9996
7079
9305
9847
5635
1749
8961
8308
672
2653
8912
7882
2758
1486
1891
3600
4311
4536
8156
9758
6768
9471
7924
1995
2752
8006
4022
2819
2885
5405
6618
8650
6491
2829
2494
7153
314
4828
9437
6034
9462
181
6765
6263
2624
8999
2292
8696
7833
3971
9469
8323
553
7109
3566
6374
8152
9933
6165
8504
2338
4388
1992
9353
2830
5532
3047
2489
8802
1365
3024
3114
9291
9459
1207
2823
2530
6770
1531
2035
7638
292
7766
6759
8053
2909
4150
2034
4464
6420
7383
8007
5277
3363
2654
8856
4497
1696
8080
3161
8404
5797
1163
609
6320
1059
2514
6088
6306
5686
3306
6348
2854
8516
5893
861
6284
7530
5846
6727
2621
6513
5406
6687
9075
5488
7751
7581
6680
4224
2422
1198
5996
1294
1380
3032
7204
6483
3327
6249
4291
3233
231
185
399
287
617
3500
2351
5231
8192
7553
9257
9930
1996
8908
4014
7404
4855
3304
1484
523
926
2423
7064
5752
7823
8078
44
9527
3643
9864
9285
9553
4817
7568
9694
5061
3816
9211
32
2281
5129
9789
1262
8107
2266
5503
2
8381
6886
4591
1980
1159
987
2704
702
527
1441
7310
8039
9115
2595
5972
5750
128
7270
2772
3173
1986
2953
7331
5693
2048
7826
424
7039
593
1216
8295
8291
4897
6040
5444
4019
8827
7275
9674
8941
9467
1239
9801
9610
9881
8955
5239
3560
6264
1857
8057
7131
4795
5350
4905
4359
2451
7062
1429
1187
7880
8885
5359
8677
1116
3986
9818
7938
6924
8271
9395
720
5200
2916
9707
3538
3314
8911
6190
1355
6738
802
5318
1965
9680
6346
8072
939
4831
4434
4793
9579
3081
8338
6983
9576
2079
7049
6326
3526
4962
1786
6663
3335
2921
7122
6569
7357
9666
9627
9740
6824
4993
3892
3530
3714
7045
6736
7108
5944
9763
783
8765
3158
62
305
9792
4598
3586
1236
3279
4980
8209
9846
7283
5033
2444
5934
5888
2330
3034
5241
3268
8124
6338
7421
3961
5707
5323
7336
9917
665
3133
3785
3022
6536
7913
9344
8945
5302
126
7403
4155
1259
3927
6969
1242
8896
1346
347
855
5932
2679
1673
5523
852
4821
1502
871
5305
737
73
2904
8273
2703
390
8790
1397
7238
3442
5624
1848
3898
1364
5342
1629
6705
4009
1624
5969
2811
3923
7231
7358
5837
2959
7266
8092
8141
5281
1003
9296
3814
1270
3374
788
7908
4629
61
3694
9958
4205
3572
3929
487
8111
3996
161
1070
8129
297
7075
988
4140
2775
5987
5792
3467
8658
1871
7484
2359
6877
8873
2369
1089
4781
1905
6863
6646
1489
2563
386
7549
9809
1157
4212
885
8128
9931
9724
5753
7491
288
8339
221
2104
1424
7437
8224
3644
8970
9397
8588
6804
1618
1286
7525
5530
4285
9409
2664
7705
9668
530
6212
3579
5833
2602
4234
8657
6678
8208
685
625
3197
5397
6641
2144
4603
4736
8753
1778
91
8784
6160
2247
7351
7694
865
6302
7721
6294
7777
8373
4870
8065
8543
775
9814
6062
7014
8716
618
7095
7559
4027
950
2225
1005
9723
6369
6362
5952
6626
3507
9554
1973
548
6908
543
8182
3937
8106
7428
1521
2254
3142
6126
5594
6640
6524
7315
8666
3622
1093
1725
4423
7263
4410
4345
850
4914
9699
8924
6236
4640
2092
4084
9240
5861
894
9365
3438
2906
631
9851
4718
8413
1449
9123
2925
6203
4304
9821
5348
9138
3878
8015
4216
5745
5542
5572
8880
6686
9665
8243
3880
6803
7493
6764
4672
6996
3316
9895
8918
8848
1709
9910
6377
3744
9431
6246
7728
7080
9400
598
1603
1898
1179
1583
2630
782
7209
5673
8813
7670
7688
1726
4334
2764
4431
7370
2886
9528
4406
9347
2024
8726
3978
719
405
107
51
5203
9440
296
1704
4946
324
9621
1798
5907
4512
9388
3261
6022
1601
5493
8522
5448
1029
5829
2196
7796